10.0413		2037.0
10.0913		2212.0
10.1413		2155.0
10.1913		2130.0
10.2413		1958.0
10.2913		2144.0
10.3413		2165.0
10.3913		2087.0
10.4413		2064.0
10.4913		2055.0
10.5413		2043.0
10.5913		2212.0
10.6413		2144.0
10.6913		2123.0
10.7413		2116.0
10.7913		1971.0
10.8413		1984.0
10.8913		2076.0
10.9413		2014.0
10.9913		1983.0
11.0413		1987.0
11.0913		1971.0
11.1413		1891.0
11.1913		2000.0
11.2413		2007.0
11.2913		2089.0
11.3413		2056.0
11.3913		2013.0
11.4413		1993.0
11.4913		1944.0
11.5413		1918.0
11.5913		1977.0
11.6413		1965.0
11.6913		1966.0
11.7413		2040.0
11.7913		2022.0
11.8413		1935.0
11.8913		1970.0
11.9413		1821.0
11.9913		1726.0
12.0413		1824.0
12.0913		1913.0
12.1413		1883.0
12.1913		1851.0
12.2413		1975.0
12.2913		1996.0
12.3413		2040.0
12.3913		1854.0
12.4413		2047.0
12.4913		1967.0
12.5413		2119.0
12.5913		1935.0
12.6413		1927.0
12.6913		1960.0
12.7413		2003.0
12.7913		2113.0
12.8413		2016.0
12.8913		2010.0
12.9413		2065.0
12.9913		2112.0
13.0413		1942.0
13.0913		1941.0
13.1413		1881.0
13.1913		1973.0
13.2413		1921.0
13.2913		1918.0
13.3413		1939.0
13.3913		1775.0
13.4413		1881.0
13.4913		1949.0
13.5413		1923.0
13.5913		1833.0
13.6413		1961.0
13.6913		1774.0
13.7413		1759.0
13.7913		1993.0
13.8413		1960.0
13.8913		1983.0
13.9413		1972.0
13.9913		1806.0
14.0413		1767.0
14.0913		1772.0
14.1413		1790.0
14.1913		1715.0
14.2413		1832.0
14.2913		1919.0
14.3413		1938.0
14.3913		1939.0
14.4413		2017.0
14.4913		1838.0
14.5413		1876.0
14.5913		1899.0
14.6413		1796.0
14.6913		1810.0
14.7413		1783.0
14.7913		1820.0
14.8413		1806.0
14.8913		1861.0
14.9413		1872.0
14.9913		1960.0
15.0413		1856.0
15.0913		1800.0
15.1413		1718.0
15.1913		1791.0
15.2413		1693.0
15.2913		1813.0
15.3413		1834.0
15.3913		1978.0
15.4413		1929.0
15.4913		1868.0
15.5413		1819.0
15.5913		1881.0
15.6413		1745.0
15.6913		1718.0
15.7413		1799.0
15.7913		1713.0
15.8413		1616.0
15.8913		1494.0
15.9413		1495.0
15.9913		1325.0
16.0413		1487.0
16.0913		1615.0
16.1413		1602.0
16.1913		1694.0
16.2413		1725.0
16.2913		1763.0
16.3413		1768.0
16.3913		1908.0
16.4413		1779.0
16.4913		1818.0
16.5413		1783.0
16.5913		1879.0
16.6413		1816.0
16.6913		1641.0
16.7413		1820.0
16.7913		1786.0
16.8413		1710.0
16.8913		1717.0
16.9413		1845.0
16.9913		1828.0
17.0413		1620.0
17.0913		1712.0
17.1413		1779.0
17.1913		1728.0
17.2413		1649.0
17.2913		1736.0
17.3413		1692.0
17.3913		1662.0
17.4413		1773.0
17.4913		1817.0
17.5413		1709.0
17.5913		1651.0
17.6413		1726.0
17.6913		1686.0
17.7413		1795.0
17.7913		1657.0
17.8413		1442.0
17.8913		1555.0
17.9413		1473.0
17.9913		1421.0
18.0413		1467.0
18.0913		1600.0
18.1413		1538.0
18.1913		1721.0
18.2413		1733.0
18.2913		1808.0
18.3413		1672.0
18.3913		1729.0
18.4413		1814.0
18.4913		1815.0
18.5413		1752.0
18.5913		1805.0
18.6413		1757.0
18.6913		1773.0
18.7413		1707.0
18.7913		1843.0
18.8413		1798.0
18.8913		1870.0
18.9413		1732.0
18.9913		1741.0
19.0413		1791.0
19.0913		1813.0
19.1413		1784.0
19.1913		1860.0
19.2413		1784.0
19.2913		1753.0
19.3413		1811.0
19.3913		1748.0
19.4413		1750.0
19.4913		1772.0
19.5413		1716.0
19.5913		1833.0
19.6413		1869.0
19.6913		1851.0
19.7413		1801.0
19.7913		1678.0
19.8413		1645.0
19.8913		1641.0
19.9413		1538.0
19.9913		1600.0
20.0413		1532.0
20.0913		1592.0
20.1413		1667.0
20.1913		1662.0
20.2413		1737.0
20.2913		1778.0
20.3413		1776.0
20.3913		1788.0
20.4413		1800.0
20.4913		1830.0
20.5413		1808.0
20.5913		1667.0
20.6413		1756.0
20.6913		1907.0
20.7413		1865.0
20.7913		1897.0
20.8413		1882.0
20.8913		1760.0
20.9413		1979.0
20.9913		1886.0
21.0413		1875.0
21.0913		1787.0
21.1413		1917.0
21.1913		1839.0
21.2413		1920.0
21.2913		1844.0
21.3413		1906.0
21.3913		1887.0
21.4413		1834.0
21.4913		1954.0
21.5413		1897.0
21.5913		1876.0
21.6413		1851.0
21.6913		1835.0
21.7413		1789.0
21.7913		1772.0
21.8413		1795.0
21.8913		1803.0
21.9413		1845.0
21.9913		2456.0
22.0413		4020.0
22.0913		6997.0
22.1413		12445.0
22.1913		21588.0
22.2413		33136.0
22.2913		45652.0
22.3413		54005.0
22.3913		55813.0
22.4413		51927.0
22.4913		41876.0
22.5413		30051.0
22.5913		18986.0
22.6413		10897.0
22.6913		5917.0
22.7413		3368.0
22.7913		2229.0
22.8413		1956.0
22.8913		1849.0
22.9413		1852.0
22.9913		1821.0
23.0413		1817.0
23.0913		1998.0
23.1413		1937.0
23.1913		1771.0
23.2413		1911.0
23.2913		1779.0
23.3413		1859.0
23.3913		1842.0
23.4413		1961.0
23.4913		1894.0
23.5413		1781.0
23.5913		1782.0
23.6413		1803.0
23.6913		1867.0
23.7413		1880.0
23.7913		1754.0
23.8413		1685.0
23.8913		1655.0
23.9413		1634.0
23.9913		1570.0
24.0413		1500.0
24.0913		1597.0
24.1413		1601.0
24.1913		1566.0
24.2413		1628.0
24.2913		1782.0
24.3413		1888.0
24.3913		1863.0
24.4413		1831.0
24.4913		1730.0
24.5413		1732.0
24.5913		1794.0
24.6413		1819.0
24.6913		1733.0
24.7413		1807.0
24.7913		1858.0
24.8413		1826.0
24.8913		1794.0
24.9413		1842.0
24.9913		1773.0
25.0413		1869.0
25.0913		1862.0
25.1413		1771.0
25.1913		1814.0
25.2413		1754.0
25.2913		1821.0
25.3413		1848.0
25.3913		1851.0
25.4413		1861.0
25.4913		1808.0
25.5413		1793.0
25.5913		1805.0
25.6413		1728.0
25.6913		1837.0
25.7413		1827.0
25.7913		1617.0
25.8413		1616.0
25.8913		1517.0
25.9413		1589.0
25.9913		1609.0
26.0413		1440.0
26.0913		1512.0
26.1413		1634.0
26.1913		1673.0
26.2413		1774.0
26.2913		1750.0
26.3413		1816.0
26.3913		1840.0
26.4413		1825.0
26.4913		1749.0
26.5413		1778.0
26.5913		1801.0
26.6413		1769.0
26.6913		1838.0
26.7413		1772.0
26.7913		1742.0
26.8413		1816.0
26.8913		1806.0
26.9413		1741.0
26.9913		1736.0
27.0413		1805.0
27.0913		1750.0
27.1413		1838.0
27.1913		1932.0
27.2413		1902.0
27.2913		1861.0
27.3413		1920.0
27.3913		1887.0
27.4413		1893.0
27.4913		1778.0
27.5413		1822.0
27.5913		1815.0
27.6413		1749.0
27.6913		1780.0
27.7413		1803.0
27.7913		1779.0
27.8413		1685.0
27.8913		1649.0
27.9413		1582.0
27.9913		1546.0
28.0413		1665.0
28.0913		1686.0
28.1413		1644.0
28.1913		1652.0
28.2413		1642.0
28.2913		1720.0
28.3413		1724.0
28.3913		1768.0
28.4413		1833.0
28.4913		1836.0
28.5413		1717.0
28.5913		1669.0
28.6413		1695.0
28.6913		1754.0
28.7413		1767.0
28.7913		1833.0
28.8413		1832.0
28.8913		1882.0
28.9413		1768.0
28.9913		1833.0
29.0413		1823.0
29.0913		1836.0
29.1413		1788.0
29.1913		1803.0
29.2413		1854.0
29.2913		1881.0
29.3413		1817.0
29.3913		1684.0
29.4413		1850.0
29.4913		1824.0
29.5413		1898.0
29.5913		1935.0
29.6413		1754.0
29.6913		1804.0
29.7413		1815.0
29.7913		1849.0
29.8413		1729.0
29.8913		1681.0
29.9413		1652.0
29.9913		1710.0
30.0413		1758.0
30.0913		1804.0
30.1413		1816.0
30.1913		1869.0
30.2413		1769.0
30.2913		1803.0
30.3413		1740.0
30.3913		1785.0
30.4413		1778.0
30.4913		1809.0
30.5413		1865.0
30.5913		1911.0
30.6413		1844.0
30.6913		1719.0
30.7413		1758.0
30.7913		1794.0
30.8413		1811.0
30.8913		1932.0
30.9413		1840.0
30.9913		1714.0
31.0413		1791.0
31.0913		1832.0
31.1413		1830.0
31.1913		1840.0
31.2413		1908.0
31.2913		1881.0
31.3413		1815.0
31.3913		1869.0
31.4413		1968.0
31.4913		2198.0
31.5413		2566.0
31.5913		3504.0
31.6413		4947.0
31.6913		7086.0
31.7413		9606.0
31.7913		12065.0
31.8413		13727.0
31.8913		13871.0
31.9413		12409.0
31.9913		10293.0
32.0413		7725.0
32.0913		5324.0
32.1413		3619.0
32.1913		2707.0
32.2413		2153.0
32.2913		2008.0
32.3413		1843.0
32.3913		1818.0
32.4413		1838.0
32.4913		1792.0
32.5413		1820.0
32.5913		1858.0
32.6413		1827.0
32.6913		1861.0
32.7413		1879.0
32.7913		1905.0
32.8413		1890.0
32.8913		1868.0
32.9413		1872.0
32.9913		1840.0
33.0413		1838.0
33.0913		1885.0
33.1413		1878.0
33.1913		1881.0
33.2413		1896.0
33.2913		1855.0
33.3413		1826.0
33.3913		1832.0
33.4413		1884.0
33.4913		1901.0
33.5413		1982.0
33.5913		1945.0
33.6413		1880.0
33.6913		1919.0
33.7413		1958.0
33.7913		1868.0
33.8413		1913.0
33.8913		1889.0
33.9413		1852.0
33.9913		1868.0
34.0413		1853.0
34.0913		1880.0
34.1413		1896.0
34.1913		1880.0
34.2413		1836.0
34.2913		1896.0
34.3413		1956.0
34.3913		1952.0
34.4413		1939.0
34.4913		1973.0
34.5413		1936.0
34.5913		1905.0
34.6413		1917.0
34.6913		1855.0
34.7413		1890.0
34.7913		1944.0
34.8413		1914.0
34.8913		1906.0
34.9413		1945.0
34.9913		1922.0
35.0413		1915.0
35.0913		1856.0
35.1413		1964.0
35.1913		1921.0
35.2413		1884.0
35.2913		1857.0
35.3413		1966.0
35.3913		1925.0
35.4413		1916.0
35.4913		1965.0
35.5413		1891.0
35.5913		1853.0
35.6413		1902.0
35.6913		1942.0
35.7413		2034.0
35.7913		1993.0
35.8413		1944.0
35.8913		1942.0
35.9413		1963.0
35.9913		1991.0
36.0413		2042.0
36.0913		2034.0
36.1413		2040.0
36.1913		2053.0
36.2413		2008.0
36.2913		1967.0
36.3413		2116.0
36.3913		2095.0
36.4413		2272.0
36.4913		2474.0
36.5413		2420.0
36.5913		2429.0
36.6413		2506.0
36.6913		2369.0
36.7413		2335.0
36.7913		2168.0
36.8413		2062.0
36.8913		2006.0
36.9413		2022.0
36.9913		1954.0
37.0413		1947.0
37.0913		1970.0
37.1413		1978.0
37.1913		1951.0
37.2413		1904.0
37.2913		1941.0
37.3413		2033.0
37.3913		2043.0
37.4413		2154.0
37.4913		2184.0
37.5413		2214.0
37.5913		2270.0
37.6413		2265.0
37.6913		2250.0
37.7413		2250.0
37.7913		2310.0
37.8413		2205.0
37.8913		2141.0
37.9413		2133.0
37.9913		2073.0
38.0413		2065.0
38.0913		2316.0
38.1413		2452.0
38.1913		2687.0
38.2413		3084.0
38.2913		3724.0
38.3413		4497.0
38.3913		5221.0
38.4413		5720.0
38.4913		5871.0
38.5413		5820.0
38.5913		5380.0
38.6413		4740.0
38.6913		4099.0
38.7413		3413.0
38.7913		3052.0
38.8413		2908.0
38.8913		3084.0
38.9413		4066.0
38.9913		6461.0
39.0413		10213.0
39.0913		16483.0
39.1413		24590.0
39.1913		33194.0
39.2413		40858.0
39.2913		44244.0
39.3413		43326.0
39.3913		37266.0
39.4413		29357.0
39.4913		20504.0
39.5413		12945.0
39.5913		7700.0
39.6413		4563.0
39.6913		3074.0
39.7413		2346.0
39.7913		2075.0
39.8413		2098.0
39.8913		1988.0
39.9413		2024.0
39.9913		1972.0
40.0413		2044.0
40.0913		2001.0
40.1413		1925.0
40.1913		1885.0
40.2413		1930.0
40.2913		1975.0
40.3413		1962.0
40.3913		1979.0
40.4413		1934.0
40.4913		1904.0
40.5413		1851.0
40.5913		1991.0
40.6413		1937.0
40.6913		1918.0
40.7413		1869.0
40.7913		1887.0
40.8413		1891.0
40.8913		1917.0
40.9413		1905.0
40.9913		1876.0
41.0413		1783.0
41.0913		1882.0
41.1413		1908.0
41.1913		1880.0
41.2413		1970.0
41.2913		1869.0
41.3413		2016.0
41.3913		1920.0
41.4413		1920.0
41.4913		1914.0
41.5413		1959.0
41.5913		1846.0
41.6413		1871.0
41.6913		1927.0
41.7413		1995.0
41.7913		2014.0
41.8413		2003.0
41.8913		1912.0
41.9413		1933.0
41.9913		1909.0
42.0413		1918.0
42.0913		1929.0
42.1413		1938.0
42.1913		1900.0
42.2413		1916.0
42.2913		1913.0
42.3413		1924.0
42.3913		1923.0
42.4413		1860.0
42.4913		1885.0
42.5413		1861.0
42.5913		1938.0
42.6413		1897.0
42.6913		1830.0
42.7413		1964.0
42.7913		1947.0
42.8413		1961.0
42.8913		1944.0
42.9413		1936.0
42.9913		1934.0
43.0413		1951.0
43.0913		1953.0
43.1413		1962.0
43.1913		1997.0
43.2413		1920.0
43.2913		1911.0
43.3413		1966.0
43.3913		1947.0
43.4413		1906.0
43.4913		1931.0
43.5413		2005.0
43.5913		1985.0
43.6413		1893.0
43.6913		1939.0
43.7413		1928.0
43.7913		2079.0
43.8413		2040.0
43.8913		1988.0
43.9413		1952.0
43.9913		1871.0
44.0413		1990.0
44.0913		1993.0
44.1413		2031.0
44.1913		2015.0
44.2413		2026.0
44.2913		2038.0
44.3413		2028.0
44.3913		2129.0
44.4413		2128.0
44.4913		2126.0
44.5413		2060.0
44.5913		2076.0
44.6413		2080.0
44.6913		2068.0
44.7413		2110.0
44.7913		2070.0
44.8413		2067.0
44.8913		2066.0
44.9413		2112.0
44.9913		2074.0
45.0413		2112.0
45.0913		2137.0
45.1413		2229.0
45.1913		2393.0
45.2413		2685.0
45.2913		3669.0
45.3413		6070.0
45.3913		11018.0
45.4413		19847.0
45.4913		34090.0
45.5413		52989.0
45.5913		73613.0
45.6413		90914.0
45.6913		100604.0
45.7413		98761.0
45.7913		85789.0
45.8413		66639.0
45.8913		45839.0
45.9413		28103.0
45.9913		15639.0
46.0413		8343.0
46.0913		4525.0
46.1413		2997.0
46.1913		2337.0
46.2413		2112.0
46.2913		2054.0
46.3413		2070.0
46.3913		2051.0
46.4413		2025.0
46.4913		2077.0
46.5413		2042.0
46.5913		2004.0
46.6413		1983.0
46.6913		1954.0
46.7413		2001.0
46.7913		2012.0
46.8413		2007.0
46.8913		2001.0
46.9413		1976.0
46.9913		1972.0
47.0413		1997.0
47.0913		1936.0
47.1413		1953.0
47.1913		1881.0
47.2413		1875.0
47.2913		1947.0
47.3413		1973.0
47.3913		1920.0
47.4413		1910.0
47.4913		1946.0
47.5413		1953.0
47.5913		1946.0
47.6413		1943.0
47.6913		1904.0
47.7413		1921.0
47.7913		1900.0
47.8413		1926.0
47.8913		1831.0
47.9413		1964.0
47.9913		1938.0
48.0413		1897.0
48.0913		1918.0
48.1413		1866.0
48.1913		1904.0
48.2413		1920.0
48.2913		1898.0
48.3413		1912.0
48.3913		1899.0
48.4413		1988.0
48.4913		1911.0
48.5413		1888.0
48.5913		1905.0
48.6413		1925.0
48.6913		1835.0
48.7413		1919.0
48.7913		1906.0
48.8413		1845.0
48.8913		1820.0
48.9413		1888.0
48.9913		1899.0
49.0413		1934.0
49.0913		1839.0
49.1413		1832.0
49.1913		1896.0
49.2413		1882.0
49.2913		1886.0
49.3413		1864.0
49.3913		1890.0
49.4413		1865.0
49.4913		1882.0
49.5413		1829.0
49.5913		1917.0
49.6413		1841.0
49.6913		1935.0
49.7413		1980.0
49.7913		1922.0
49.8413		1902.0
49.8913		1831.0
49.9413		1895.0
49.9913		1869.0
50.0413		1881.0
50.0913		1947.0
50.1413		1979.0
50.1913		1917.0
50.2413		1898.0
50.2913		1914.0
50.3413		1880.0
50.3913		1939.0
50.4413		1924.0
50.4913		1942.0
50.5413		2032.0
50.5913		2053.0
50.6413		1989.0
50.6913		1936.0
50.7413		1972.0
50.7913		1913.0
50.8413		1936.0
50.8913		2012.0
50.9413		2009.0
50.9913		2104.0
51.0413		2404.0
51.0913		3076.0
51.1413		4678.0
51.1913		7880.0
51.2413		13040.0
51.2913		20661.0
51.3413		29830.0
51.3913		37632.0
51.4413		42517.0
51.4913		43041.0
51.5413		38215.0
51.5913		30432.0
51.6413		21646.0
51.6913		14035.0
51.7413		8299.0
51.7913		4807.0
51.8413		3106.0
51.8913		2369.0
51.9413		2077.0
51.9913		2007.0
52.0413		1992.0
52.0913		1978.0
52.1413		1981.0
52.1913		1919.0
52.2413		2040.0
52.2913		2015.0
52.3413		2013.0
52.3913		2028.0
52.4413		2006.0
52.4913		2001.0
52.5413		2036.0
52.5913		1977.0
52.6413		2007.0
52.6913		2024.0
52.7413		2013.0
52.7913		1988.0
52.8413		1932.0
52.8913		1933.0
52.9413		1925.0
52.9913		1972.0
53.0413		1898.0
53.0913		2025.0
53.1413		2021.0
53.1913		1953.0
53.2413		2006.0
53.2913		1983.0
53.3413		1976.0
53.3913		1952.0
53.4413		1905.0
53.4913		1955.0
53.5413		1938.0
53.5913		1860.0
53.6413		1954.0
53.6913		2022.0
53.7413		1969.0
53.7913		1912.0
53.8413		2012.0
53.8913		2010.0
53.9413		1988.0
53.9913		1972.0
54.0413		1937.0
54.0913		1955.0
54.1413		1952.0
54.1913		1922.0
54.2413		1897.0
54.2913		1961.0
54.3413		2011.0
54.3913		1977.0
54.4413		1988.0
54.4913		1995.0
54.5413		2022.0
54.5913		1954.0
54.6413		1964.0
54.6913		1991.0
54.7413		1955.0
54.7913		1947.0
54.8413		2030.0
54.8913		2062.0
54.9413		1983.0
54.9913		2078.0
55.0413		1976.0
55.0913		1937.0
55.1413		1985.0
55.1913		2078.0
55.2413		2072.0
55.2913		2005.0
55.3413		2029.0
55.3913		1996.0
55.4413		1967.0
55.4913		1980.0
55.5413		1998.0
55.5913		1995.0
55.6413		2000.0
55.6913		2054.0
55.7413		1973.0
55.7913		1959.0
55.8413		1923.0
55.8913		2032.0
55.9413		2123.0
55.9913		2083.0
56.0413		2074.0
56.0913		2050.0
56.1413		2004.0
56.1913		2021.0
56.2413		2108.0
56.2913		2201.0
56.3413		2174.0
56.3913		2261.0
56.4413		2472.0
56.4913		3019.0
56.5413		3971.0
56.5913		5239.0
56.6413		7218.0
56.6913		9137.0
56.7413		10593.0
56.7913		11300.0
56.8413		10740.0
56.8913		9396.0
56.9413		7726.0
56.9913		5980.0
57.0413		4144.0
57.0913		3135.0
57.1413		2549.0
57.1913		2265.0
57.2413		2090.0
57.2913		2002.0
57.3413		2055.0
57.3913		2042.0
57.4413		2061.0
57.4913		1982.0
57.5413		2031.0
57.5913		2138.0
57.6413		2114.0
57.6913		2062.0
57.7413		2015.0
57.7913		1990.0
57.8413		2055.0
57.8913		2047.0
57.9413		2055.0
57.9913		2062.0
58.0413		2070.0
58.0913		2050.0
58.1413		2018.0
58.1913		2097.0
58.2413		2084.0
58.2913		2032.0
58.3413		2081.0
58.3913		2076.0
58.4413		2081.0
58.4913		2007.0
58.5413		2013.0
58.5913		2119.0
58.6413		2114.0
58.6913		2072.0
58.7413		2091.0
58.7913		2040.0
58.8413		2033.0
58.8913		2136.0
58.9413		2138.0
58.9913		2133.0
59.0413		2123.0
59.0913		2101.0
59.1413		2092.0
59.1913		2185.0
59.2413		2091.0
59.2913		2104.0
59.3413		2109.0
59.3913		2141.0
59.4413		2114.0
59.4913		2079.0
59.5413		2044.0
59.5913		2137.0
59.6413		2098.0
59.6913		2175.0
59.7413		2148.0
59.7913		2129.0
59.8413		2131.0
59.8913		2131.0
59.9413		2093.0
59.9913		2125.0
60.0413		2144.0
60.0913		2149.0
60.1413		2102.0
60.1913		2104.0
60.2413		2074.0
60.2913		2206.0
60.3413		2176.0
60.3913		2139.0
60.4413		2092.0
60.4913		2171.0
60.5413		2227.0
60.5913		2224.0
60.6413		2133.0
60.6913		2185.0
60.7413		2104.0
60.7913		2092.0
60.8413		2160.0
60.8913		2142.0
60.9413		2144.0
60.9913		2191.0
61.0413		2243.0
61.0913		2127.0
61.1413		2157.0
61.1913		2263.0
61.2413		2224.0
61.2913		2239.0
61.3413		2195.0
61.3913		2131.0
61.4413		2180.0
61.4913		2132.0
61.5413		2163.0
61.5913		2129.0
61.6413		2212.0
61.6913		2144.0
61.7413		2055.0
61.7913		2123.0
61.8413		2178.0
61.8913		2226.0
61.9413		2207.0
61.9913		2153.0
62.0413		2187.0
62.0913		2126.0
62.1413		2155.0
62.1913		2131.0
62.2413		2153.0
62.2913		2193.0
62.3413		2224.0
62.3913		2215.0
62.4413		2193.0
62.4913		2203.0
62.5413		2211.0
62.5913		2235.0
62.6413		2263.0
62.6913		2192.0
62.7413		2163.0
62.7913		2211.0
62.8413		2245.0
62.8913		2223.0
62.9413		2227.0
62.9913		2256.0
63.0413		2332.0
63.0913		2296.0
63.1413		2315.0
63.1913		2174.0
63.2413		2265.0
63.2913		2269.0
63.3413		2249.0
63.3913		2219.0
63.4413		2231.0
63.4913		2305.0
63.5413		2285.0
63.5913		2285.0
63.6413		2239.0
63.6913		2250.0
63.7413		2256.0
63.7913		2261.0
63.8413		2316.0
63.8913		2301.0
63.9413		2283.0
63.9913		2330.0
64.0413		2240.0
64.0913		2286.0
64.1413		2238.0
64.1913		2262.0
64.2413		2202.0
64.2913		2197.0
64.3413		2289.0
64.3913		2343.0
64.4413		2282.0
64.4913		2322.0
64.5413		2325.0
64.5913		2296.0
64.6413		2339.0
64.6913		2378.0
64.7413		2304.0
64.7913		2280.0
64.8413		2367.0
64.8913		2334.0
64.9413		2387.0
64.9913		2351.0
65.0413		2395.0
65.0913		2313.0
65.1413		2393.0
65.1913		2414.0
65.2413		2371.0
65.2913		2382.0
65.3413		2373.0
65.3913		2324.0
65.4413		2306.0
65.4913		2313.0
65.5413		2351.0
65.5913		2373.0
65.6413		2510.0
65.6913		2289.0
65.7413		2375.0
65.7913		2340.0
65.8413		2377.0
65.8913		2452.0
65.9413		2427.0
65.9913		2443.0
66.0413		2562.0
66.0913		2541.0
66.1413		2807.0
66.1913		3700.0
66.2413		5580.0
66.2913		9539.0
66.3413		17283.0
66.3913		29252.0
66.4413		45795.0
66.4913		64292.0
66.5413		80456.0
66.5913		89233.0
66.6413		88831.0
66.6913		79926.0
66.7413		63846.0
66.7913		46006.0
66.8413		29991.0
66.8913		17716.0
66.9413		9706.0
66.9913		5498.0
67.0413		3675.0
67.0913		2782.0
67.1413		2537.0
67.1913		2583.0
67.2413		2641.0
67.2913		2471.0
67.3413		2438.0
67.3913		2446.0
67.4413		2559.0
67.4913		2416.0
67.5413		2375.0
67.5913		2406.0
67.6413		2366.0
67.6913		2463.0
67.7413		2411.0
67.7913		2422.0
67.8413		2432.0
67.8913		2395.0
67.9413		2485.0
67.9913		2456.0
68.0413		2477.0
68.0913		2423.0
68.1413		2357.0
68.1913		2440.0
68.2413		2424.0
68.2913		2433.0
68.3413		2450.0
68.3913		2352.0
68.4413		2286.0
68.4913		2390.0
68.5413		2461.0
68.5913		2346.0
68.6413		2336.0
68.6913		2304.0
68.7413		2380.0
68.7913		2387.0
68.8413		2381.0
68.8913		2258.0
68.9413		2332.0
68.9913		2336.0
69.0413		2360.0
69.0913		2317.0
69.1413		2394.0
69.1913		2320.0
69.2413		2308.0
69.2913		2274.0
69.3413		2371.0
69.3913		2323.0
69.4413		2406.0
69.4913		2336.0
69.5413		2314.0
69.5913		2397.0
69.6413		2350.0
69.6913		2431.0
69.7413		2448.0
69.7913		2424.0
69.8413		2481.0
69.8913		2370.0
69.9413		2372.0
69.9913		2455.0
70.0413		2435.0
70.0913		2406.0
70.1413		2402.0
70.1913		2362.0
70.2413		2417.0
70.2913		2438.0
70.3413		2362.0
70.3913		2423.0
70.4413		2539.0
70.4913		2498.0
70.5413		2480.0
70.5913		2454.0
70.6413		2390.0
70.6913		2410.0
70.7413		2534.0
70.7913		2670.0
70.8413		3074.0
70.8913		3791.0
70.9413		5310.0
70.9913		8149.0
71.0413		12545.0
71.0913		17636.0
71.1413		23209.0
71.1913		27037.0
71.2413		28868.0
71.2913		28009.0
71.3413		24891.0
71.3913		19675.0
71.4413		14342.0
71.4913		9764.0
71.5413		6312.0
71.5913		4189.0
71.6413		3172.0
71.6913		2761.0
71.7413		2587.0
71.7913		2477.0
71.8413		2385.0
71.8913		2451.0
71.9413		2397.0
71.9913		2454.0
72.0413		2337.0
72.0913		2389.0
72.1413		2407.0
72.1913		2425.0
72.2413		2380.0
72.2913		2439.0
72.3413		2388.0
72.3913		2380.0
72.4413		2395.0
72.4913		2366.0
72.5413		2387.0
72.5913		2438.0
72.6413		2428.0
72.6913		2391.0
72.7413		2329.0
72.7913		2399.0
72.8413		2303.0
72.8913		2376.0
72.9413		2359.0
72.9913		2426.0
73.0413		2475.0
73.0913		2412.0
73.1413		2423.0
73.1913		2436.0
73.2413		2448.0
73.2913		2410.0
73.3413		2432.0
73.3913		2402.0
73.4413		2437.0
73.4913		2405.0
73.5413		2449.0
73.5913		2371.0
73.6413		2403.0
73.6913		2423.0
73.7413		2377.0
73.7913		2388.0
73.8413		2401.0
73.8913		2414.0
73.9413		2442.0
73.9913		2445.0
74.0413		2444.0
74.0913		2414.0
74.1413		2494.0
74.1913		2454.0
74.2413		2469.0
74.2913		2377.0
74.3413		2430.0
74.3913		2493.0
74.4413		2428.0
74.4913		2422.0
74.5413		2523.0
74.5913		2406.0
74.6413		2486.0
74.6913		2467.0
74.7413		2487.0
74.7913		2575.0
74.8413		2582.0
74.8913		2466.0
74.9413		2561.0
74.9913		2489.0
75.0413		2549.0
75.0913		2540.0
75.1413		2524.0
75.1913		2565.0
75.2413		2504.0
75.2913		2507.0
75.3413		2598.0
75.3913		2789.0
75.4413		2851.0
75.4913		3185.0
75.5413		3756.0
75.5913		4081.0
75.6413		4440.0
75.6913		4908.0
75.7413		5221.0
75.7913		5190.0
75.8413		4760.0
75.8913		4227.0
75.9413		3774.0
75.9913		3383.0
76.0413		3085.0
76.0913		2797.0
76.1413		2774.0
76.1913		2818.0
76.2413		2748.0
76.2913		2670.0
76.3413		2657.0
76.3913		2614.0
76.4413		2696.0
76.4913		2714.0
76.5413		2803.0
76.5913		2692.0
76.6413		2688.0
76.6913		2707.0
76.7413		2654.0
76.7913		2697.0
76.8413		2608.0
76.8913		2693.0
76.9413		2730.0
76.9913		2728.0
77.0413		2697.0
77.0913		2643.0
77.1413		2745.0
77.1913		2677.0
77.2413		2622.0
77.2913		2596.0
77.3413		2651.0
77.3913		2600.0
77.4413		2543.0
77.4913		2633.0
77.5413		2593.0
77.5913		2527.0
77.6413		2673.0
77.6913		2667.0
77.7413		2699.0
77.7913		2685.0
77.8413		2611.0
77.8913		2660.0
77.9413		2650.0
77.9913		2609.0
78.0413		2591.0
78.0913		2638.0
78.1413		2622.0
78.1913		2557.0
78.2413		2632.0
78.2913		2552.0
78.3413		2566.0
78.3913		2529.0
78.4413		2525.0
78.4913		2609.0
78.5413		2575.0
78.5913		2510.0
78.6413		2496.0
78.6913		2607.0
78.7413		2690.0
78.7913		2580.0
78.8413		2567.0
78.8913		2542.0
78.9413		2621.0
78.9913		2606.0
79.0413		2616.0
79.0913		2671.0
79.1413		2566.0
79.1913		2526.0
79.2413		2578.0
79.2913		2627.0
79.3413		2678.0
79.3913		2643.0
79.4413		2615.0
79.4913		2635.0
79.5413		2610.0
79.5913		2675.0
79.6413		2741.0
79.6913		2889.0
79.7413		3147.0
79.7913		3774.0
79.8413		5054.0
79.8913		7371.0
79.9413		10713.0
79.9913		14943.0
80.0413		19467.0
80.0913		23744.0
80.1413		25288.0
80.1913		25129.0
80.2413		23193.0
80.2913		19469.0
80.3413		15311.0
80.3913		11166.0
80.4413		7700.0
80.4913		5404.0
80.5413		4027.0
80.5913		3185.0
80.6413		2860.0
80.6913		2799.0
80.7413		2781.0
80.7913		2752.0
80.8413		2722.0
80.8913		2680.0
80.9413		2725.0
80.9913		2779.0
81.0413		2629.0
81.0913		2592.0
81.1413		2677.0
81.1913		2677.0
81.2413		2611.0
81.2913		2582.0
81.3413		2641.0
81.3913		2710.0
81.4413		2657.0
81.4913		2676.0
81.5413		2754.0
81.5913		2717.0
81.6413		2576.0
81.6913		2637.0
81.7413		2747.0
81.7913		2607.0
81.8413		2653.0
81.8913		2612.0
81.9413		2586.0
81.9913		2639.0
82.0413		2618.0
82.0913		2707.0
82.1413		2594.0
82.1913		2591.0
82.2413		2681.0
82.2913		2653.0
82.3413		2733.0
82.3913		2664.0
82.4413		2619.0
82.4913		2606.0
82.5413		2664.0
82.5913		2656.0
82.6413		2637.0
82.6913		2598.0
82.7413		2652.0
82.7913		2681.0
82.8413		2653.0
82.8913		2611.0
82.9413		2578.0
82.9913		2589.0
83.0413		2617.0
83.0913		2610.0
83.1413		2580.0
83.1913		2715.0
83.2413		2638.0
83.2913		2585.0
83.3413		2753.0
83.3913		2670.0
83.4413		2692.0
83.4913		2687.0
83.5413		2773.0
83.5913		2675.0
83.6413		2647.0
83.6913		2625.0
83.7413		2542.0
83.7913		2678.0
83.8413		2650.0
83.8913		2784.0
83.9413		2819.0
83.9913		2759.0
84.0413		2949.0
84.0913		3371.0
84.1413		4295.0
84.1913		6041.0
84.2413		9253.0
84.2913		14179.0
84.3413		20423.0
84.3913		26974.0
84.4413		32511.0
84.4913		35853.0
84.5413		36014.0
84.5913		32942.0
84.6413		28504.0
84.6913		22571.0
84.7413		16876.0
84.7913		11565.0
84.8413		7880.0
84.8913		5445.0
84.9413		3869.0
84.9913		3072.0
85.0413		2845.0
85.0913		2806.0
85.1413		2730.0
85.1913		2709.0
85.2413		2657.0
85.2913		2714.0
85.3413		2768.0
85.3913		2676.0
85.4413		2621.0
85.4913		2697.0
85.5413		2721.0
85.5913		2734.0
85.6413		2681.0
85.6913		2641.0
85.7413		2670.0
85.7913		2651.0
85.8413		2580.0
85.8913		2592.0
85.9413		2612.0
85.9913		2545.0
86.0413		2566.0
86.0913		2671.0
86.1413		2663.0
86.1913		2582.0
86.2413		2552.0
86.2913		2573.0
86.3413		2718.0
86.3913		2708.0
86.4413		2639.0
86.4913		2635.0
86.5413		2592.0
86.5913		2638.0
86.6413		2650.0
86.6913		2604.0
86.7413		2628.0
86.7913		2658.0
86.8413		2646.0
86.8913		2655.0
86.9413		2700.0
86.9913		2605.0
87.0413		2612.0
87.0913		2683.0
87.1413		2637.0
87.1913		2593.0
87.2413		2643.0
87.2913		2677.0
87.3413		2624.0
87.3913		2606.0
87.4413		2533.0
87.4913		2603.0
87.5413		2624.0
87.5913		2634.0
87.6413		2629.0
87.6913		2647.0
87.7413		2701.0
87.7913		2623.0
87.8413		2644.0
87.8913		2608.0
87.9413		2508.0
87.9913		2665.0
88.0413		2604.0
88.0913		2593.0
88.1413		2627.0
88.1913		2727.0
88.2413		2763.0
88.2913		2738.0
88.3413		2766.0
88.3913		2867.0
88.4413		3110.0
88.4913		3648.0
88.5413		4491.0
88.5913		5694.0
88.6413		7524.0
88.6913		9490.0
88.7413		11244.0
88.7913		12383.0
88.8413		13002.0
88.8913		12718.0
88.9413		11659.0
88.9913		10068.0
89.0413		8461.0
89.0913		6673.0
89.1413		5279.0
89.1913		4167.0
89.2413		3369.0
89.2913		3005.0
89.3413		2866.0
89.3913		2757.0
89.4413		2685.0
89.4913		2779.0
89.5413		2723.0
89.5913		2642.0
89.6413		2589.0
89.6913		2689.0
89.7413		2735.0
89.7913		2614.0
89.8413		2675.0
89.8913		2669.0
89.9413		2691.0
89.9913		2677.0
90.0413		2664.0
90.0913		2775.0
90.1413		2773.0
90.1913		2744.0
90.2413		2772.0
90.2913		2716.0
90.3413		2726.0
90.3913		2696.0
90.4413		2749.0
90.4913		2773.0
90.5413		2754.0
90.5913		2791.0
90.6413		2785.0
90.6913		2702.0
90.7413		2717.0
90.7913		2787.0
90.8413		2734.0
90.8913		2774.0
90.9413		2767.0
90.9913		2824.0
91.0413		2669.0
91.0913		2738.0
91.1413		2743.0
91.1913		2777.0
91.2413		2829.0
91.2913		2855.0
91.3413		2732.0
91.3913		2776.0
91.4413		2707.0
91.4913		2733.0
91.5413		2776.0
91.5913		2693.0
91.6413		2690.0
91.6913		2746.0
91.7413		2797.0
91.7913		2797.0
91.8413		2747.0
91.8913		2783.0
91.9413		2750.0
91.9913		2676.0
92.0413		2702.0
92.0913		2732.0
92.1413		2841.0
92.1913		2714.0
92.2413		2781.0
92.2913		2734.0
92.3413		2726.0
92.3913		2775.0
92.4413		2796.0
92.4913		2846.0
92.5413		2746.0
92.5913		2822.0
92.6413		2757.0
92.6913		2866.0
92.7413		3015.0
92.7913		3125.0
92.8413		3442.0
92.8913		3949.0
92.9413		4720.0
92.9913		5771.0
93.0413		6452.0
93.0913		7156.0
93.1413		7470.0
93.1913		7388.0
93.2413		6921.0
93.2913		6498.0
93.3413		5835.0
93.3913		5132.0
93.4413		4373.0
93.4913		3916.0
93.5413		3400.0
93.5913		3064.0
93.6413		2890.0
93.6913		2811.0
93.7413		2831.0
93.7913		2854.0
93.8413		2718.0
93.8913		2738.0
93.9413		2879.0
93.9913		2788.0
94.0413		2747.0
94.0913		2791.0
94.1413		2763.0
94.1913		2860.0
94.2413		2854.0
94.2913		2797.0
94.3413		2760.0
94.3913		2802.0
94.4413		2813.0
94.4913		2876.0
94.5413		2817.0
94.5913		2848.0
94.6413		2887.0
94.6913		2839.0
94.7413		2824.0
94.7913		2751.0
94.8413		2819.0
94.8913		2735.0
94.9413		2786.0
94.9913		2747.0
95.0413		2838.0
95.0913		2839.0
95.1413		2747.0
95.1913		2779.0
95.2413		2723.0
95.2913		2794.0
95.3413		2893.0
95.3913		2803.0
95.4413		2809.0
95.4913		2731.0
95.5413		2830.0
95.5913		2884.0
95.6413		2859.0
95.6913		2822.0
95.7413		2828.0
95.7913		2777.0
95.8413		2810.0
95.8913		2832.0
95.9413		2850.0
95.9913		2843.0
96.0413		2857.0
96.0913		2909.0
96.1413		2823.0
96.1913		2804.0
96.2413		2829.0
96.2913		2906.0
96.3413		2766.0
96.3913		2920.0
96.4413		2889.0
96.4913		2897.0
96.5413		2807.0
96.5913		2801.0
96.6413		2856.0
96.6913		2847.0
96.7413		2933.0
96.7913		2865.0
96.8413		2969.0
96.8913		2896.0
96.9413		2854.0
96.9913		2955.0
97.0413		2828.0
97.0913		2990.0
97.1413		2876.0
97.1913		2841.0
97.2413		2986.0
97.2913		2928.0
97.3413		2962.0
97.3913		2866.0
97.4413		2765.0
97.4913		2820.0
97.5413		2872.0
97.5913		2912.0
97.6413		2937.0
97.6913		2972.0
97.7413		2918.0
97.7913		2944.0
97.8413		2946.0
97.8913		2924.0
97.9413		2900.0
97.9913		2866.0
98.0413		2822.0
98.0913		2902.0
98.1413		2890.0
98.1913		2840.0
98.2413		2840.0
98.2913		2962.0
98.3413		2904.0
98.3913		2795.0
98.4413		2895.0
98.4913		2939.0
98.5413		2953.0
98.5913		3015.0
98.6413		2987.0
98.6913		2973.0
98.7413		2844.0
98.7913		3002.0
98.8413		2928.0
98.8913		2857.0
98.9413		2896.0
98.9913		2957.0
99.0413		2979.0
99.0913		2980.0
99.1413		2880.0
99.1913		2837.0
99.2413		2952.0
99.2913		2940.0
99.3413		3028.0
99.3913		3071.0
99.4413		2920.0
99.4913		2969.0
99.5413		2941.0
99.5913		2969.0
99.6413		2995.0
99.6913		2872.0
99.7413		2966.0
99.7913		3013.0
99.8413		3019.0
99.8913		2989.0
99.9413		2909.0
99.9913		2905.0
100.0413	2950.0
100.0913	2881.0
100.1413	3004.0
100.1913	2943.0
100.2413	2868.0
100.2913	2870.0
100.3413	2863.0
100.3913	2903.0
100.4413	2910.0
100.4913	2942.0
100.5413	2960.0
100.5913	2970.0
100.6413	2930.0
100.6913	2922.0
100.7413	2938.0
100.7913	2957.0
100.8413	2918.0
100.8913	3010.0
100.9413	2987.0
100.9913	2970.0
101.0413	2947.0
101.0913	3038.0
101.1413	2951.0
101.1913	3129.0
101.2413	3050.0
101.2913	3037.0
101.3413	3126.0
101.3913	3310.0
101.4413	3765.0
101.4913	4407.0
101.5413	5616.0
101.5913	7495.0
101.6413	9768.0
101.6913	12728.0
101.7413	15455.0
101.7913	17384.0
101.8413	18336.0
101.8913	18403.0
101.9413	17454.0
101.9913	16069.0
102.0413	14462.0
102.0913	12566.0
102.1413	10369.0
102.1913	8208.0
102.2413	6195.0
102.2913	4910.0
102.3413	4151.0
102.3913	3616.0
102.4413	3358.0
102.4913	3282.0
102.5413	3075.0
102.5913	3114.0
102.6413	3035.0
102.6913	3097.0
102.7413	3202.0
102.7913	3141.0
102.8413	3078.0
102.8913	3087.0
102.9413	3066.0
102.9913	2996.0
103.0413	3034.0
103.0913	3039.0
103.1413	3028.0
103.1913	3082.0
103.2413	3110.0
103.2913	3146.0
103.3413	3053.0
103.3913	3013.0
103.4413	3052.0
103.4913	3010.0
103.5413	2941.0
103.5913	3059.0
103.6413	3016.0
103.6913	3033.0
103.7413	2992.0
103.7913	3090.0
103.8413	2970.0
103.8913	2959.0
103.9413	3023.0
103.9913	3065.0
104.0413	3112.0
104.0913	3193.0
104.1413	3076.0
104.1913	3068.0
104.2413	3113.0
104.2913	3166.0
104.3413	3116.0
104.3913	3205.0
104.4413	3147.0
104.4913	3158.0
104.5413	3170.0
104.5913	3156.0
104.6413	3091.0
104.6913	3184.0
104.7413	3122.0
104.7913	3145.0
104.8413	3140.0
104.8913	3112.0
104.9413	3141.0
104.9913	3219.0
105.0413	3172.0
105.0913	3114.0
105.1413	3061.0
105.1913	3129.0
105.2413	3174.0
105.2913	3088.0
105.3413	3088.0
105.3913	3225.0
105.4413	3119.0
105.4913	3152.0
105.5413	3141.0
105.5913	3129.0
105.6413	3230.0
105.6913	3236.0
105.7413	3331.0
105.7913	3499.0
105.8413	3860.0
105.8913	4282.0
105.9413	5165.0
105.9913	6605.0
106.0413	8730.0
106.0913	11796.0
106.1413	15045.0
106.1913	18175.0
106.2413	20139.0
106.2913	21365.0
106.3413	20949.0
106.3913	20139.0
106.4413	19029.0
106.4913	17286.0
106.5413	15292.0
106.5913	12828.0
106.6413	10363.0
106.6913	8226.0
106.7413	6280.0
106.7913	4977.0
106.8413	4180.0
106.8913	3629.0
106.9413	3521.0
106.9913	3464.0
107.0413	3314.0
107.0913	3203.0
107.1413	3169.0
107.1913	3243.0
107.2413	3194.0
107.2913	3282.0
107.3413	3143.0
107.3913	3129.0
107.4413	3146.0
107.4913	3188.0
107.5413	3216.0
107.5913	3245.0
107.6413	3174.0
107.6913	3200.0
107.7413	3189.0
107.7913	3128.0
107.8413	3232.0
107.8913	3236.0
107.9413	3232.0
107.9913	3215.0
108.0413	3055.0
108.0913	3119.0
108.1413	3130.0
108.1913	3204.0
108.2413	3147.0
108.2913	3177.0
108.3413	3170.0
108.3913	3088.0
108.4413	3186.0
108.4913	3256.0
108.5413	3182.0
108.5913	3119.0
108.6413	3141.0
108.6913	3213.0
108.7413	3152.0
108.7913	3084.0
108.8413	3181.0
108.8913	3196.0
108.9413	3128.0
108.9913	3154.0
109.0413	3220.0
109.0913	3259.0
109.1413	3198.0
109.1913	3222.0
109.2413	3210.0
109.2913	3133.0
109.3413	3358.0
109.3913	3158.0
109.4413	3180.0
109.4913	3209.0
109.5413	3205.0
109.5913	3223.0
109.6413	3248.0
109.6913	3205.0
109.7413	3121.0
109.7913	3197.0
109.8413	3299.0
109.8913	3231.0
109.9413	3174.0
109.9913	3184.0
110.0413	3229.0
110.0913	3217.0
110.1413	3331.0
110.1913	3283.0
110.2413	3301.0
110.2913	3256.0
110.3413	3387.0
110.3913	3473.0
110.4413	3597.0
110.4913	3807.0
110.5413	4270.0
110.5913	4680.0
110.6413	5272.0
110.6913	5961.0
110.7413	6672.0
110.7913	7164.0
110.8413	7469.0
110.8913	7536.0
110.9413	7232.0
110.9913	6892.0
111.0413	6696.0
111.0913	6440.0
111.1413	5887.0
111.1913	5406.0
111.2413	4809.0
111.2913	4392.0
111.3413	3891.0
111.3913	3745.0
111.4413	3435.0
111.4913	3368.0
111.5413	3367.0
111.5913	3348.0
111.6413	3440.0
111.6913	3300.0
111.7413	3389.0
111.7913	3433.0
111.8413	3347.0
111.8913	3342.0
111.9413	3297.0
111.9913	3271.0
112.0413	3364.0
112.0913	3328.0
112.1413	3343.0
112.1913	3220.0
112.2413	3234.0
112.2913	3227.0
112.3413	3283.0
112.3913	3286.0
112.4413	3192.0
112.4913	3364.0
112.5413	3228.0
112.5913	3157.0
112.6413	3240.0
112.6913	3348.0
112.7413	3354.0
112.7913	3293.0
112.8413	3221.0
112.8913	3166.0
112.9413	3190.0
112.9913	3267.0
113.0413	3251.0
113.0913	3152.0
113.1413	3204.0
113.1913	3247.0
113.2413	3273.0
113.2913	3221.0
113.3413	3136.0
113.3913	3230.0
113.4413	3195.0
113.4913	3305.0
113.5413	3332.0
113.5913	3210.0
113.6413	3358.0
113.6913	3217.0
113.7413	3223.0
113.7913	3121.0
113.8413	3290.0
113.8913	3335.0
113.9413	3312.0
113.9913	3240.0
114.0413	3314.0
114.0913	3277.0
114.1413	3284.0
114.1913	3254.0
114.2413	3215.0
114.2913	3309.0
114.3413	3291.0
114.3913	3235.0
114.4413	3233.0
114.4913	3385.0
114.5413	3313.0
114.5913	3213.0
114.6413	3263.0
114.6913	3347.0
114.7413	3295.0
114.7913	3312.0
114.8413	3344.0
114.8913	3355.0
114.9413	3358.0
114.9913	3428.0
115.0413	3486.0
115.0913	3712.0
115.1413	4107.0
115.1913	4640.0
115.2413	5511.0
115.2913	6476.0
115.3413	7930.0
115.3913	9020.0
115.4413	10427.0
115.4913	11053.0
115.5413	10920.0
115.5913	10734.0
115.6413	10133.0
115.6913	9616.0
115.7413	9128.0
115.7913	8480.0
115.8413	7804.0
115.8913	7029.0
115.9413	6086.0
115.9913	5193.0
116.0413	4547.0
116.0913	4071.0
116.1413	3746.0
116.1913	3505.0
116.2413	3464.0
116.2913	3459.0
116.3413	3462.0
116.3913	3461.0
116.4413	3404.0
116.4913	3354.0
116.5413	3443.0
116.5913	3350.0
116.6413	3444.0
116.6913	3387.0
116.7413	3431.0
116.7913	3413.0
116.8413	3391.0
116.8913	3455.0
116.9413	3408.0
116.9913	3399.0
117.0413	3497.0
117.0913	3469.0
117.1413	3445.0
117.1913	3249.0
117.2413	3414.0
117.2913	3325.0
117.3413	3367.0
117.3913	3413.0
117.4413	3508.0
117.4913	3338.0
117.5413	3308.0
117.5913	3372.0
117.6413	3455.0
117.6913	3369.0
117.7413	3405.0
117.7913	3315.0
117.8413	3356.0
117.8913	3330.0
117.9413	3392.0
117.9913	3283.0
118.0413	3324.0
118.0913	3438.0
118.1413	3313.0
118.1913	3253.0
118.2413	3358.0
118.2913	3437.0
118.3413	3392.0
118.3913	3379.0
118.4413	3373.0
118.4913	3436.0
118.5413	3337.0
118.5913	3429.0
118.6413	3364.0
118.6913	3303.0
118.7413	3369.0
118.7913	3466.0
118.8413	3345.0
118.8913	3375.0
118.9413	3445.0
118.9913	3508.0
119.0413	3436.0
119.0913	3277.0
119.1413	3309.0
119.1913	3356.0
119.2413	3420.0
119.2913	3370.0
119.3413	3427.0
119.3913	3418.0
119.4413	3338.0
119.4913	3412.0
119.5413	3580.0
119.5913	3531.0
119.6413	3526.0
119.6913	3599.0
119.7413	3840.0
119.7913	4035.0
119.8413	4341.0
119.8913	4835.0
119.9413	5854.0
119.9913	7269.0
120.0413	9617.0
120.0913	13349.0
120.1413	18318.0
120.1913	24331.0
120.2413	31465.0
120.2913	37468.0
120.3413	41706.0
120.3913	44272.0
120.4413	43985.0
120.4913	42084.0
120.5413	39377.0
120.5913	37380.0
120.6413	35066.0
120.6913	32410.0
120.7413	29793.0
120.7913	25615.0
120.8413	21172.0
120.8913	16836.0
120.9413	12724.0
120.9913	9639.0
121.0413	7435.0
121.0913	5990.0
121.1413	5086.0
121.1913	4504.0
121.2413	4289.0
121.2913	4154.0
121.3413	3967.0
121.3913	3688.0
121.4413	3498.0
121.4913	3480.0
121.5413	3489.0
121.5913	3551.0
121.6413	3512.0
121.6913	3539.0
121.7413	3477.0
121.7913	3428.0
121.8413	3427.0
121.8913	3475.0
121.9413	3483.0
121.9913	3441.0
122.0413	3432.0
122.0913	3375.0
122.1413	3358.0
122.1913	3321.0
122.2413	3408.0
122.2913	3411.0
122.3413	3429.0
122.3913	3412.0
122.4413	3435.0
122.4913	3482.0
122.5413	3451.0
122.5913	3388.0
122.6413	3434.0
122.6913	3432.0
122.7413	3531.0
122.7913	3493.0
122.8413	3407.0
122.8913	3438.0
122.9413	3444.0
122.9913	3512.0
123.0413	3360.0
123.0913	3402.0
123.1413	3501.0
123.1913	3397.0
123.2413	3328.0
123.2913	3481.0
123.3413	3429.0
123.3913	3346.0
123.4413	3522.0
123.4913	3335.0
123.5413	3343.0
123.5913	3541.0
123.6413	3447.0
123.6913	3472.0
123.7413	3466.0
123.7913	3420.0
123.8413	3471.0
123.8913	3388.0
123.9413	3402.0
123.9913	3402.0
124.0413	3537.0
124.0913	3514.0
124.1413	3326.0
124.1913	3410.0
124.2413	3405.0
124.2913	3525.0
124.3413	3546.0
124.3913	3596.0
124.4413	3503.0
124.4913	3453.0
124.5413	3343.0
124.5913	3406.0
124.6413	3544.0
124.6913	3591.0
124.7413	3523.0
124.7913	3495.0
124.8413	3537.0
124.8913	3719.0
124.9413	3903.0
124.9913	4115.0
125.0413	4316.0
125.0913	4708.0
125.1413	5437.0
125.1913	6569.0
125.2413	8200.0
125.2913	10228.0
125.3413	12795.0
125.3913	15551.0
125.4413	17492.0
125.4913	18920.0
125.5413	19514.0
125.5913	19159.0
125.6413	18402.0
125.6913	17503.0
125.7413	16694.0
125.7913	16206.0
125.8413	15903.0
125.8913	15075.0
125.9413	13835.0
125.9913	12038.0
126.0413	10289.0
126.0913	8659.0
126.1413	7085.0
126.1913	5753.0
126.2413	5021.0
126.2913	4602.0
126.3413	4265.0
126.3913	3852.0
126.4413	3793.0
126.4913	3718.0
126.5413	3702.0
126.5913	3530.0
126.6413	3500.0
126.6913	3490.0
126.7413	3498.0
126.7913	3526.0
126.8413	3382.0
126.8913	3595.0
126.9413	3440.0
126.9913	3499.0
127.0413	3400.0
127.0913	3447.0
127.1413	3400.0
127.1913	3378.0
127.2413	3417.0
127.2913	3403.0
127.3413	3513.0
127.3913	3416.0
127.4413	3496.0
127.4913	3436.0
127.5413	3526.0
127.5913	3582.0
127.6413	3481.0
127.6913	3583.0
127.7413	3462.0
127.7913	3462.0
127.8413	3470.0
127.8913	3441.0
127.9413	3470.0
127.9913	3464.0
128.0413	3481.0
128.0913	3530.0
128.1413	3473.0
128.1913	3542.0
128.2413	3577.0
128.2913	3611.0
128.3413	3561.0
128.3913	3384.0
128.4413	3428.0
128.4913	3433.0
128.5413	3478.0
128.5913	3583.0
128.6413	3425.0
128.6913	3491.0
128.7413	3431.0
128.7913	3455.0
128.8413	3606.0
128.8913	3506.0
128.9413	3474.0
128.9913	3643.0
129.0413	3532.0
129.0913	3429.0
129.1413	3444.0
129.1913	3473.0
129.2413	3510.0
129.2913	3406.0
129.3413	3499.0
129.3913	3451.0
129.4413	3553.0
129.4913	3486.0
129.5413	3530.0
129.5913	3434.0
129.6413	3397.0
129.6913	3608.0
129.7413	3522.0
129.7913	3466.0
129.8413	3501.0
129.8913	3511.0
129.9413	3503.0
129.9913	3459.0
130.0413	3536.0
130.0913	3554.0
130.1413	3536.0
130.1913	3529.0
130.2413	3460.0
130.2913	3495.0
130.3413	3561.0
130.3913	3522.0
130.4413	3562.0
130.4913	3568.0
130.5413	3546.0
130.5913	3543.0
130.6413	3665.0
130.6913	3855.0
130.7413	3889.0
130.7913	3976.0
130.8413	4224.0
130.8913	4227.0
130.9413	4278.0
130.9913	4319.0
131.0413	4389.0
131.0913	4401.0
131.1413	4249.0
131.1913	4242.0
131.2413	4348.0
131.2913	4150.0
131.3413	4170.0
131.3913	4143.0
131.4413	4043.0
131.4913	4147.0
131.5413	4070.0
131.5913	3812.0
131.6413	3743.0
131.6913	3848.0
131.7413	3716.0
131.7913	3597.0
131.8413	3537.0
131.8913	3442.0
131.9413	3626.0
131.9913	3594.0
132.0413	3634.0
132.0913	3574.0
132.1413	3578.0
132.1913	3565.0
132.2413	3576.0
132.2913	3627.0
132.3413	3581.0
132.3913	3617.0
132.4413	3574.0
132.4913	3580.0
132.5413	3563.0
132.5913	3598.0
132.6413	3624.0
132.6913	3696.0
132.7413	3619.0
132.7913	3558.0
132.8413	3681.0
132.8913	3588.0
132.9413	3598.0
132.9913	3647.0
133.0413	3573.0
133.0913	3568.0
133.1413	3559.0
133.1913	3569.0
133.2413	3601.0
133.2913	3621.0
133.3413	3528.0
133.3913	3656.0
133.4413	3589.0
133.4913	3575.0
133.5413	3507.0
133.5913	3516.0
133.6413	3641.0
133.6913	3637.0
133.7413	3621.0
133.7913	3634.0
133.8413	3663.0
133.8913	3657.0
133.9413	3647.0
133.9913	3570.0
134.0413	3676.0
134.0913	3762.0
134.1413	3675.0
134.1913	3612.0
134.2413	3651.0
134.2913	3658.0
134.3413	3584.0
134.3913	3663.0
134.4413	3765.0
134.4913	3753.0
134.5413	3544.0
134.5913	3688.0
134.6413	3524.0
134.6913	3622.0
134.7413	3610.0
134.7913	3481.0
134.8413	3447.0
134.8913	3590.0
134.9413	3566.0
134.9913	3562.0
135.0413	3615.0
135.0913	3678.0
135.1413	3766.0
135.1913	3700.0
135.2413	3638.0
135.2913	3595.0
135.3413	3572.0
135.3913	3617.0
135.4413	3644.0
135.4913	3574.0
135.5413	3487.0
135.5913	3647.0
135.6413	3766.0
135.6913	3681.0
135.7413	3617.0
135.7913	3568.0
135.8413	3501.0
135.8913	3660.0
135.9413	3638.0
135.9913	3504.0
136.0413	3638.0
136.0913	3666.0
136.1413	3681.0
136.1913	3687.0
136.2413	3597.0
136.2913	3707.0
136.3413	3665.0
136.3913	3657.0
136.4413	3614.0
136.4913	3681.0
136.5413	3764.0
136.5913	3558.0
136.6413	3644.0
136.6913	3811.0
136.7413	3840.0
136.7913	3620.0
136.8413	3577.0
136.8913	3611.0
136.9413	3708.0
136.9913	3751.0
137.0413	3566.0
137.0913	3672.0
137.1413	3588.0
137.1913	3739.0
137.2413	3747.0
137.2913	3748.0
137.3413	3814.0
137.3913	3862.0
137.4413	3911.0
137.4913	3857.0
137.5413	3626.0
137.5913	3757.0
137.6413	3689.0
137.6913	3626.0
137.7413	3672.0
137.7913	3660.0
137.8413	3603.0
137.8913	3644.0
137.9413	3644.0
137.9913	3526.0
138.0413	3710.0
138.0913	3751.0
138.1413	3757.0
138.1913	3641.0
138.2413	3721.0
138.2913	3755.0
138.3413	3694.0
138.3913	3673.0
138.4413	3757.0
138.4913	3797.0
138.5413	3666.0
138.5913	3768.0
138.6413	3784.0
138.6913	3703.0
138.7413	3855.0
138.7913	3853.0
138.8413	3721.0
138.8913	3544.0
138.9413	3606.0
138.9913	3740.0
139.0413	3690.0
139.0913	3645.0
139.1413	3758.0
139.1913	3591.0
139.2413	3746.0
139.2913	3720.0
139.3413	3705.0
139.3913	3727.0
139.4413	3689.0
139.4913	3797.0
139.5413	3725.0
139.5913	3682.0
139.6413	3629.0
139.6913	3657.0
139.7413	3705.0
139.7913	3781.0
139.8413	3713.0
139.8913	3697.0
139.9413	3599.0
139.9913	3620.0
140.0413	3698.0
140.0913	3826.0
140.1413	3623.0
140.1913	3743.0
140.2413	3781.0
140.2913	3778.0
140.3413	3739.0
140.3913	3611.0
140.4413	3698.0
140.4913	3730.0
140.5413	3769.0
140.5913	3792.0
140.6413	3785.0
140.6913	3844.0
140.7413	3807.0
140.7913	3691.0
140.8413	3757.0
140.8913	3730.0
140.9413	3825.0
140.9913	3719.0
141.0413	3709.0
141.0913	3689.0
141.1413	3770.0
141.1913	3775.0
141.2413	3704.0
141.2913	3676.0
141.3413	3661.0
141.3913	3833.0
141.4413	3736.0
141.4913	3723.0
141.5413	3573.0
141.5913	3789.0
141.6413	3661.0
141.6913	3722.0
141.7413	3751.0
141.7913	3774.0
141.8413	3821.0
141.8913	3774.0
141.9413	3765.0
141.9913	3629.0
142.0413	3755.0
142.0913	3813.0
142.1413	3771.0
142.1913	3708.0
142.2413	3788.0
142.2913	3836.0
142.3413	3760.0
142.3913	3740.0
142.4413	3843.0
142.4913	3847.0
142.5413	3977.0
142.5913	4000.0
142.6413	4027.0
142.6913	3986.0
142.7413	4120.0
142.7913	4214.0
142.8413	4286.0
142.8913	4463.0
142.9413	4594.0
142.9913	4830.0
143.0413	5095.0
143.0913	5457.0
143.1413	5865.0
143.1913	6445.0
143.2413	7373.0
143.2913	8598.0
143.3413	10223.0
143.3913	12130.0
143.4413	15184.0
143.4913	18735.0
143.5413	22914.0
143.5913	26366.0
143.6413	29800.0
143.6913	32523.0
143.7413	34258.0
143.7913	34451.0
143.8413	34047.0
143.8913	31535.0
143.9413	29858.0
143.9913	27937.0
144.0413	26464.0
144.0913	25560.0
144.1413	24597.0
144.1913	24328.0
144.2413	24728.0
144.2913	25067.0
144.3413	24998.0
144.3913	23994.0
144.4413	22096.0
144.4913	20025.0
144.5413	17484.0
144.5913	15257.0
144.6413	13043.0
144.6913	10863.0
144.7413	9116.0
144.7913	8079.0
144.8413	7014.0
144.8913	6506.0
144.9413	5943.0
144.9913	5437.0
145.0413	5288.0
145.0913	4888.0
145.1413	4581.0
145.1913	4543.0
145.2413	4248.0
145.2913	4273.0
145.3413	4236.0
145.3913	4179.0
145.4413	4119.0
145.4913	4024.0
145.5413	3927.0
145.5913	3929.0
145.6413	3896.0
145.6913	3881.0
145.7413	4068.0
145.7913	3854.0
145.8413	3876.0
145.8913	3831.0
145.9413	3783.0
145.9913	3798.0
146.0413	3921.0
146.0913	3981.0
146.1413	3966.0
146.1913	3732.0
146.2413	3866.0
146.2913	3872.0
146.3413	3856.0
146.3913	3831.0
146.4413	3966.0
146.4913	3988.0
146.5413	3884.0
146.5913	3802.0
146.6413	4070.0
146.6913	4041.0
146.7413	3798.0
146.7913	3939.0
146.8413	3774.0
146.8913	3844.0
146.9413	4044.0
146.9913	3691.0
147.0413	3931.0
147.0913	3937.0
147.1413	3834.0
147.1913	3762.0
147.2413	3854.0
147.2913	3979.0
147.3413	3954.0
147.3913	3990.0
147.4413	4087.0
147.4913	3851.0
147.5413	3858.0
147.5913	3988.0
147.6413	4073.0
147.6913	4077.0
147.7413	3757.0
147.7913	3712.0
147.8413	3792.0
147.8913	3844.0
147.9413	3976.0
147.9913	3901.0
148.0413	3894.0
148.0913	3870.0
148.1413	3989.0
148.1913	4126.0
148.2413	3999.0
148.2913	4193.0
148.3413	4031.0
148.3913	3904.0
148.4413	3886.0
148.4913	3943.0
148.5413	3855.0
148.5913	3992.0
148.6413	3943.0
148.6913	3921.0
148.7413	3940.0
148.7913	3924.0
148.8413	3940.0
148.8913	3959.0
148.9413	3873.0
148.9913	3929.0
149.0413	3927.0
149.0913	3894.0
149.1413	3944.0
149.1913	3961.0
149.2413	3798.0
149.2913	3862.0
149.3413	3904.0
149.3913	3917.0
149.4413	3861.0
149.4913	3963.0
149.5413	3900.0
149.5913	3953.0
149.6413	4014.0
149.6913	3842.0
149.7413	3890.0
149.7913	3941.0
149.8413	4040.0
149.8913	3926.0
149.9413	4013.0
